5354,1
4292,2
4734,3
10996,4
2979,5
1342,6
2978,7
1383,8
10903,9
5365,10
6661,11
4345,12
5354,1
4292,2
4734,3
10996,4
2979,5
1342,6
2978,7
1383,8
10903,9
5365,10
6661,11
4345,12
5354,1
4292,2
4734,3
10996,4
2979,5
1342,6
2978,7
1383,8
10903,9
5365,10
6661,11
4345,12
5354,1
4292,2
4734,3
10996,4
2979,5
1342,6
2978,7
1383,8
10903,9
5365,10
6661,11
4345,12
5354,1
4292,2
4734,3
10996,4
2979,5
1342,6
2978,7
1383,8
10903,9
5365,10
6661,11
4345,12
5354,1
4292,2
4734,3
10996,4
2979,5
1342,6
2978,7
1383,8
10903,9
5365,10
6661,11
4345,12
5354,1
4292,2
4734,3
10996,4
2979,5
1342,6
2978,7
1383,8
10903,9
5365,10
6661,11
4345,12
5354,1
4292,2
4734,3
10996,4
2979,5
1342,6
2978,7
1383,8
10903,9
5365,10
6661,11
4345,12
10,1
11,2
12,3
13,4
14,5
15,6
10,1
11,2
12,3
13,4
14,5
15,6
10,1
11,2
12,3
13,4
14,5
15,6
10,1
11,2
12,3
13,4
14,5
15,6
10,1
11,2
12,3
13,4
14,5
15,6
10,1
11,2
12,3
13,4
14,5
15,6
10,1
11,2
12,3
13,4
14,5
15,6
10,1
11,2
12,3
13,4
14,5
15,6
10,1
11,2
12,3
13,4
14,5
15,6
10,1
11,2
12,3
13,4
14,5
15,6
